%Pulses:
p00000 = p;
p00001 = 3*p;
p00010 = 5*p;
p00011 = 7*p;
p00100 = 9*p;
p00101 = 11*p;
p00110 = 13*p;
p00111 = 15*p;
p01000 = 17*p;
p01001 = 19*p;
p01010 = 21*p;
p01011 = 23*p;
p01100 = 25*p;
p01101 = 27*p;
p01110 = 29*p;
p01111 = 31*p;
p10000 = -1*p;
p10001 = -3*p;
p10010 = -5*p;
p10011 = -7*p;
p10100 = -9*p;
p10101 = -11*p;
p10110 = -13*p;
p10111 = -15*p;
p11000 = -17*p;
p11001 = -19*p;
p11010 = -21*p;
p11011 = -23*p;
p11100 = -25*p;
p11101 = -27*p;
p11110 = -29*p;
p11111 = -31*p;